   0.0000000000000000     
  1.00956760214795561E-004
  2.01913520429591122E-004
  3.02870280644386696E-004
  4.03827040859182243E-004
  5.04783801073977845E-004
  6.05740561288773392E-004
  7.06697321503568939E-004
  8.07654081718364486E-004
  8.95486463586636010E-004
  9.83318845454907425E-004
  1.07115122732317895E-003
  1.15898360919145047E-003
  1.24681599105972199E-003
  1.33464837292799352E-003
  1.42248075479626504E-003
  1.51031313666453657E-003
  1.59814551853280809E-003
  1.67455969117702181E-003
  1.75097386382123553E-003
  1.82738803646544925E-003
  1.90380220910966297E-003
  1.98021638175387669E-003
  2.04669671231871375E-003
  2.11317704288355081E-003
  2.17965737344838787E-003
  2.23749526135679899E-003
  2.29533314926521010E-003
  2.35317103717362121E-003
  2.40348999992973144E-003
  2.45380896268584166E-003
  2.49189538601343611E-003
  2.52503057449005378E-003
  2.55385818862271206E-003
  2.57567780999890276E-003
  2.59466088070023273E-003
  2.60902916707157111E-003
  2.61990452314525037E-003
  2.62936608298120931E-003
  2.63759764008360958E-003
  2.64382810572271355E-003
  2.64924861085844314E-003
  2.65335139124065053E-003
  2.65692081019273463E-003
  2.66002620469806819E-003
  2.66237667782492048E-003
  2.66442158945648985E-003
  2.66620066258570600E-003
  2.66774845621660719E-003
  2.66909503668287182E-003
  2.67011426344896004E-003
  2.67111426344643528E-003
  2.67211426344391052E-003
  2.67311426344138577E-003
  2.67411426343886101E-003
  2.67511426343633625E-003
  2.67611426343381149E-003
  2.67711426343128674E-003
  2.67811426342876198E-003
  2.67911426342623722E-003
  2.68011426342371246E-003
  2.68111426342118771E-003
  2.68213349018727593E-003
  2.68313349018475117E-003
  2.68413349018222641E-003
  2.68513349017970165E-003
  2.68613349017717690E-003
  2.68713349017465214E-003
  2.68813349017212738E-003
  2.68913349016960262E-003
  2.69013349016707787E-003
  2.73391098800483331E-003
  2.77768848584258876E-003
  2.82800744859869899E-003
  2.87832641135480922E-003
  2.93616429926322033E-003
  2.99400218717163144E-003
  3.05184007508004255E-003
  3.11832040564487961E-003
  3.18480073620971667E-003
  3.25128106677455373E-003
  3.30911895468296484E-003
  3.35943791743907507E-003
  3.39752434076666951E-003
  3.43065952924328718E-003
  3.45948714337594547E-003
  3.48456716780881897E-003
  3.50355023851014894E-003
  3.52006551011082441E-003
  3.53256591932240216E-003
  3.54344127539608141E-003
  3.55290283523204036E-003
  3.56113439233444063E-003
  3.56829584705277989E-003
  3.57371635218850948E-003
  3.57843219168244107E-003
  3.58253497206464846E-003
  3.58610439101673256E-003
  3.58920978552206612E-003
  3.59191147875651375E-003
  3.59426195188336604E-003
  3.59630686351493541E-003
  3.59808593664415156E-003
  3.59963373027505276E-003
  3.60080525528712423E-003
  3.60182448205321245E-003
  3.60282448205068769E-003
  3.60382448204816293E-003
  3.60482448204563818E-003
  3.60582448204311342E-003
  3.60682448204058866E-003
  3.60782448203806391E-003
  3.60882448203553915E-003
  3.60982448203301439E-003
  3.61082448203048963E-003
  3.61182448202796488E-003
  3.61282448202544012E-003
  3.61382448202291536E-003
  3.61482448202039060E-003
  3.61582448201786585E-003
  3.61682448201534109E-003
  3.61782448201281633E-003
  3.61882448201029158E-003
  3.61982448200776682E-003
  3.62082448200524206E-003
  3.62182448200271730E-003
  3.62282448200019255E-003
  3.62382448199766779E-003
  3.62482448199514303E-003
  3.62582448199261827E-003
  3.62682448199009352E-003
  3.62782448198756876E-003
  3.62882448198504400E-003
  3.62982448198251925E-003
  3.63082448197999449E-003
  3.63182448197746973E-003
  3.63282448197494497E-003
  3.63382448197242022E-003
  3.63482448196989546E-003
  3.63582448196737070E-003
  3.63682448196484594E-003
  3.63782448196232119E-003
  3.63882448195979643E-003
  3.63982448195727167E-003
  3.64082448195474691E-003
  3.64182448195222216E-003
  3.64282448194969740E-003
  3.65228604178565635E-003
  3.65944749650399560E-003
  3.66567796214309956E-003
  3.67109846727882915E-003
  3.67520124766103655E-003
  3.67877066661312065E-003
  3.68147235984756828E-003
  3.68382283297442057E-003
  3.68586774460598994E-003
  3.68764681773520609E-003
  3.68919461136610729E-003
  3.69036613637817876E-003
  3.69138536314426698E-003
  3.69238536314174222E-003
  3.69338536313921747E-003
  3.69438536313669271E-003
  3.69538536313416795E-003
  3.69638536313164319E-003
  3.69738536312911844E-003
  3.69838536312659368E-003
  3.70661692022899395E-003
  3.71284738586809791E-003
  3.71826789100382750E-003
  3.72298373049775909E-003
  3.72655314944984320E-003
  3.72965854395517675E-003
  3.73236023718962438E-003
  3.73440514882119375E-003
  3.73618422195040991E-003
  3.73773201558131110E-003
  3.73907859604757573E-003
  3.74009782281366394E-003
  3.74109782281113919E-003
  3.74209782280861443E-003
  3.74309782280608967E-003
  3.74409782280356492E-003
  3.74509782280104016E-003
  3.74609782279851540E-003
  3.74709782279599064E-003
  3.74809782279346589E-003
  3.74909782279094113E-003
  3.75009782278841637E-003
  3.75109782278589161E-003
  3.75209782278336686E-003
  3.75309782278084210E-003
  3.75409782277831734E-003
  3.75509782277579258E-003
  3.75609782277326783E-003
  3.75709782277074307E-003
  3.75809782276821831E-003
  3.75909782276569356E-003
  3.76011704953178177E-003
  3.76111704952925702E-003
  3.76211704952673226E-003
  3.76311704952420750E-003
  3.76411704952168275E-003
  3.76511704951915799E-003
  3.76611704951663323E-003
  3.76711704951410847E-003
  3.76811704951158372E-003
  3.76911704950905896E-003
  3.77011704950653420E-003
  3.77111704950400944E-003
  3.77211704950148469E-003
  3.77311704949895993E-003
  3.77411704949643517E-003
  3.77511704949391041E-003
  3.77611704949138566E-003
  3.77711704948886090E-003
  3.77811704948633614E-003
  3.77911704948381139E-003
  3.78011704948128663E-003
  3.78111704947876187E-003
  3.78211704947623711E-003
  3.78313627624232533E-003
  3.78413627623980058E-003
  3.78513627623727582E-003
  3.78613627623475106E-003
  3.78713627623222630E-003
  3.78813627622970155E-003
  3.78913627622717679E-003
  3.79013627622465203E-003
  3.79113627622212727E-003
  3.79213627621960252E-003
  3.79313627621707776E-003
  3.79413627621455300E-003
  3.79513627621202825E-003
  3.79613627620950349E-003
  3.79713627620697873E-003
  3.79813627620445397E-003
  3.79913627620192922E-003
  3.80013627619940446E-003
  3.80113627619687970E-003
  3.80213627619435494E-003
  3.80623905657656234E-003
  3.80980847552864644E-003
  3.81291387003398000E-003
  3.81526434316083228E-003
  3.81730925479240165E-003
  3.81908832792161781E-003
  3.82063612155251900E-003
  3.82198270201878363E-003
  3.82315422703085510E-003
  3.82417345379694332E-003
  3.82517345379441856E-003
  3.82617345379189381E-003
  3.82717345378936905E-003
  3.82817345378684429E-003
  3.82917345378431953E-003
  3.83017345378179478E-003
  3.83117345377927002E-003
  3.83217345377674526E-003
  3.83317345377422051E-003
  3.83417345377169575E-003
  3.83517345376917099E-003
  3.83617345376664623E-003
  3.83717345376412148E-003
  3.83987514699856911E-003
  3.84192005863013848E-003
  3.84369913175935463E-003
  3.84504571222561925E-003
  3.84621723723769073E-003
  3.84723646400377895E-003
  3.84823646400125419E-003
  3.84923646399872943E-003
  3.85023646399620468E-003
  3.85123646399367992E-003
  3.85223646399115516E-003
  3.85323646398863040E-003
  3.85423646398610565E-003
  3.85523646398358089E-003
  3.85623646398105613E-003
  3.85723646397853137E-003
  3.85823646397600662E-003
  3.85923646397348186E-003
  3.86023646397095710E-003
  3.86123646396843235E-003
  3.86223646396590759E-003
  3.86323646396338283E-003
  3.86423646396085807E-003
  3.86523646395833332E-003
  3.86623646395580856E-003
  3.86723646395328380E-003
  3.86823646395075904E-003
  3.86923646394823429E-003
  3.87395230344216588E-003
  3.87752172239424998E-003
  3.88062711689958354E-003
  3.88297759002643583E-003
  3.88502250165800520E-003
  3.88680157478722135E-003
  3.88814815525348597E-003
  3.88931968026555745E-003
  3.89033890703164567E-003
  3.89133890702912091E-003
  3.89233890702659615E-003
  3.89333890702407140E-003
  3.89433890702154664E-003
  3.89533890701902188E-003
  3.89633890701649712E-003
  3.89733890701397237E-003
  3.89833890701144761E-003
  3.89933890700892285E-003
  3.90033890700639809E-003
  3.90133890700387334E-003
  3.90233890700134858E-003
  3.90333890699882382E-003
  3.90433890699629907E-003
  3.90533890699377431E-003
  3.90633890699124998E-003
  3.90733890698872523E-003
  3.90833890698620047E-003
  3.90933890698367571E-003
  3.91033890698115096E-003
  3.91133890697862620E-003
  3.91233890697610144E-003
  3.91333890697357668E-003
  3.96365786972968648E-003
  4.00174429305728135E-003
  4.03487948153389859E-003
  4.05995950596677209E-003
  4.08177912734296235E-003
  4.09829439894363740E-003
  4.11266268531497621E-003
  4.12353804138865590E-003
  4.13299960122461441E-003
  4.14123115832701512E-003
  4.14839261304535481E-003
  4.15381311818108397E-003
  4.15852895767501556E-003
  4.16263173805722295E-003
  4.16573713256255650E-003
  4.16843882579700457E-003
  4.17078929892385642E-003
  4.17256837205307301E-003
  4.17411616568397464E-003
  4.17546274615023926E-003
  4.17663427116231074E-003
  4.17765349792839896E-003
  4.17865349792587420E-003
  4.17965349792334944E-003
  4.18065349792082468E-003
  4.18165349791829993E-003
  4.18265349791577517E-003
  4.18365349791325041E-003
  4.18465349791072565E-003
  4.18565349790820090E-003
  4.21878868638481813E-003
  4.24386871081769163E-003
  4.26568833219388190E-003
  4.28220360379455694E-003
  4.29657189016589575E-003
  4.30907229937747393E-003
  4.31853385921343244E-003
  4.32676541631583315E-003
  4.33392687103417284E-003
  4.33934737616990199E-003
  4.34406321566383358E-003
  4.34816599604604098E-003
  4.35173541499812508E-003
  4.35443710823257314E-003
  4.35678758135942500E-003
  4.35883249299099437E-003
  4.36061156612021095E-003
  4.36215935975111258E-003
  4.36333088476318406E-003
  4.36435011152927228E-003
  4.36535011152674752E-003
  4.36635011152422276E-003
  4.36735011152169800E-003
  4.36835011151917325E-003
  4.36935011151664849E-003
  4.37035011151412373E-003
  4.37135011151159898E-003
  4.37252163652367045E-003
  4.37352163652114569E-003
  4.37452163651862094E-003
  4.37552163651609618E-003
  4.37652163651357142E-003
  4.37752163651104666E-003
  4.37852163650852191E-003
  4.37952163650599715E-003
  4.38052163650347239E-003
  4.38152163650094763E-003
  4.38252163649842288E-003
  4.38352163649589812E-003
  4.38452163649337336E-003
  4.38552163649084861E-003
  4.38652163648832385E-003
  4.38752163648579909E-003
  4.38852163648327433E-003
  4.38952163648074958E-003
  4.39052163647822482E-003
  4.39152163647570006E-003
  4.39252163647317530E-003
  4.39352163647065055E-003
  4.39452163646812579E-003
  4.39552163646560103E-003
  4.39652163646307628E-003
  4.39752163646055152E-003
  4.39852163645802676E-003
  4.39952163645550200E-003
  4.40309105540758611E-003
  4.40619644991291966E-003
  4.40889814314736773E-003
  4.41124861627421958E-003
  4.41302768940343617E-003
  4.41457548303433780E-003
  4.41592206350060242E-003
  4.41709358851267390E-003
  4.41809358851014914E-003
  4.41909358850762438E-003
  4.42009358850509963E-003
  4.42109358850257487E-003
  4.42209358850005011E-003
  4.42309358849752535E-003
  4.42409358849500060E-003
  4.42509358849247584E-003
  4.42609358848995108E-003
  4.42709358848742632E-003
  4.42809358848490157E-003
  4.42909358848237681E-003
  4.43009358847985205E-003
  4.43144016894611668E-003
  4.43261169395818815E-003
  4.43363092072427637E-003
  4.43463092072175161E-003
  4.43563092071922686E-003
  4.43663092071670210E-003
  4.43763092071417734E-003
  4.43863092071165258E-003
  4.43963092070912783E-003
  4.44063092070660307E-003
  4.44163092070407831E-003
  4.44263092070155356E-003
  4.44363092069902880E-003
  4.44463092069650404E-003
  4.44563092069397928E-003
  4.44663092069145453E-003
  4.44763092068892977E-003
  4.44863092068640501E-003
  4.44963092068388025E-003
  4.45063092068135550E-003
  4.45163092067883074E-003
  4.45263092067630598E-003
  4.45363092067378123E-003
  4.45463092067125647E-003
  4.45563092066873171E-003
  4.45663092066620695E-003
  4.45763092066368220E-003
  4.45863092066115744E-003
  4.45963092065863268E-003
  4.46063092065610792E-003
  4.46163092065358317E-003
  4.46263092065105841E-003
  4.46363092064853365E-003
  4.46463092064600890E-003
  4.46563092064348414E-003
  4.46663092064095938E-003
  4.46763092063843462E-003
  4.46863092063590987E-003
  4.46963092063338511E-003
  4.47063092063086035E-003
  4.47163092062833559E-003
  4.47263092062581084E-003
  4.47363092062328608E-003
  4.47463092062076132E-003
  4.47563092061823656E-003
  4.47663092061571181E-003
  4.47763092061318705E-003
  4.47863092061066229E-003
  4.47963092060813754E-003
  4.48063092060561278E-003
  4.48163092060308802E-003
  4.48340999373230461E-003
  4.48495778736320624E-003
  4.48630436782947086E-003
  4.48747589284154234E-003
  4.48849511960763056E-003
  4.48949511960510580E-003
  4.49049511960258104E-003
  4.49149511960005628E-003
  4.49249511959753153E-003
  4.49349511959500677E-003
  4.49449511959248201E-003
  4.49549511958995725E-003
  4.49649511958743250E-003
  4.49749511958490774E-003
  4.49849511958238298E-003
  4.49949511957985823E-003
  4.50049511957733347E-003
  4.50406453852941757E-003
  4.50676623176386563E-003
  4.50911670489071749E-003
  4.51116161652228686E-003
  4.51294068965150345E-003
  4.51448848328240507E-003
  4.51583506374866970E-003
  4.51685429051475792E-003
  4.51785429051223316E-003
  4.51885429050970840E-003
  4.51985429050718365E-003
  4.52085429050465889E-003
  4.52185429050213413E-003
  4.52285429049960937E-003
  4.52385429049708462E-003
  4.52485429049455986E-003
  4.52585429049203510E-003
  4.52685429048951034E-003
  4.52785429048698559E-003
  4.52885429048446083E-003
  4.52985429048193607E-003
  4.53085429047941132E-003
  4.53185429047688656E-003
  4.53285429047436180E-003
  4.53385429047183704E-003
  4.53485429046931229E-003
  4.53585429046678753E-003
  4.53685429046426277E-003
  4.53785429046173801E-003
  4.53885429045921326E-003
  4.53985429045668850E-003
  4.54085429045416374E-003
  4.54185429045163899E-003
  4.54285429044911423E-003
  4.54385429044658947E-003
  4.54485429044406471E-003
  4.54585429044153996E-003
  4.55672964651521965E-003
  4.56619120635117816E-003
  4.57335266106951785E-003
  4.57958312670862181E-003
  4.58429896620255340E-003
  4.58840174658476079E-003
  4.59150714109009435E-003
  4.59420883432454241E-003
  4.59655930745139427E-003
  4.59833838058061085E-003
  4.59988617421151248E-003
  4.60105769922358396E-003
  4.60207692598967218E-003
  4.60307692598714742E-003
  4.60407692598462266E-003
  4.60507692598209790E-003
  4.60607692597957315E-003
  4.60707692597704839E-003
  4.60807692597452363E-003
  4.60907692597199888E-003
  4.61007692596947412E-003
  4.61107692596694936E-003
  4.61207692596442460E-003
  4.61307692596189985E-003
  4.61407692595937509E-003
  4.61507692595685033E-003
  4.61607692595432557E-003
  4.61707692595180082E-003
  4.61807692594927606E-003
  4.61907692594675130E-003
  4.62007692594422655E-003
  4.62107692594170179E-003
  4.62207692593917703E-003
  4.62307692593665227E-003
  4.62407692593412752E-003
  4.62507692593160276E-003
  4.62607692592907800E-003
  4.62707692592655324E-003
  4.62807692592402849E-003
  4.62907692592150373E-003
  4.63007692591897897E-003
  4.63107692591645421E-003
  4.63207692591392946E-003
  4.63307692591140470E-003
  4.63407692590887994E-003
  4.63507692590635519E-003
  4.63607692590383043E-003
  4.63707692590130567E-003
  4.63807692589878091E-003
  4.63907692589625616E-003
  4.64007692589373140E-003
  4.64107692589120664E-003
  4.66289654726739691E-003
  4.68797657170027041E-003
  4.71305659613314391E-003
  4.74188421026580220E-003
  4.77501939874241943E-003
  4.80815458721903666E-003
  4.84624101054663154E-003
  4.89001850838438699E-003
  4.93379600622214243E-003
  4.98411496897825223E-003
  5.04195285688666377E-003
  5.09979074479507532E-003
  5.16627107535991194E-003
  5.24268524800412545E-003
  5.33051762987239719E-003
  5.43147439008719295E-003
  5.53243115030198872E-003
  5.64847340278642855E-003
  5.78185530146277989E-003
  5.93516782783668796E-003
  6.08848035421059603E-003
  6.26470164792740022E-003
  6.46725485798597000E-003
  6.66980806804453978E-003
  6.90262784844499714E-003
  7.13544762884545450E-003
  7.36826740924591186E-003
  7.60108718964636922E-003
  7.83390697004682744E-003
  8.10151591156912584E-003
  8.33433569196958407E-003
  8.56715547237004230E-003
  8.79997525277050052E-003
  9.03279503317095875E-003
  9.26561481357141697E-003
  9.46816802362998589E-003
  9.64438931734679095E-003
  9.82061061106359601E-003
  9.97392313743750494E-003
  1.01272356638114139E-002
  1.02606175624877661E-002
  1.03939994611641183E-002
  1.05100417136485581E-002
  1.06260839661329980E-002
  1.07421262186174378E-002
  1.08581684711018776E-002
  1.09742107235863175E-002
  1.10902529760707573E-002
  1.12062952285551971E-002
  1.13223374810396370E-002
  1.14380817879492433E-002
  1.15522822752826843E-002
  1.16817963659709510E-002
  1.18283808219485052E-002
  1.20470606507494960E-002
  1.21872083721019566E-002
  1.23248863921223955E-002
  1.24601382322081684E-002
  1.25930066468169181E-002
  1.27235336369816866E-002
  1.28517604635878628E-002
  1.29777276604161589E-002
  1.31014750469557427E-002
  1.32230417409915767E-002
  1.33603111999844627E-002
  1.34948002219590010E-002
  1.36265651255607911E-002
  1.37749512892559808E-002
  1.39198827294693527E-002
  1.40614398789989433E-002
  1.42203610494028177E-002
  1.43750293470919065E-002
  1.45255585827453182E-002
  1.46939504652950637E-002
  1.48571626726482185E-002
  1.50389923925106986E-002
  1.52143933556782487E-002
  1.53835928567464617E-002
  1.55711989446324032E-002
  1.57511809113072103E-002
  1.59496495102425702E-002
  1.61671182875821814E-002
  1.63729108718474285E-002
  1.65967537462582727E-002
  1.68067823368647680E-002
  1.70332959497250733E-002
  1.72751875284961297E-002
  1.75305540037713065E-002
  1.77965698663535322E-002
  1.80693972896284263E-002
  1.83441629034393101E-002
  1.86150372058147932E-002
  1.89143668789422473E-002
  1.92243629579561988E-002
  1.95169755937324822E-002
  1.98350483251890433E-002
  1.99999995529651642E-002
   0.0000000000000000     
   0.0000000000000000     
  7.26576157386578966E-004
  2.83809234624855583E-003
  6.23901652748907239E-003
  1.08416469400091555E-002
  1.65648384127013645E-002
  2.33329756700526615E-002
  3.10751459872931866E-002
  3.97244744000378666E-002
  4.79379244136730331E-002
  5.67501765784075504E-002
  6.61230139980014120E-002
  7.60196836591180425E-002
  8.64047897470043846E-002
  9.72442098128530330E-002
  0.10850502968058720     
  0.12015549351312710     
  0.13216496595425667     
  0.14288222482443913     
  0.15383004539936723     
  0.16499023924589704     
  0.17634521816005400     
  0.18787799077211537     
  0.19804335533694040     
  0.20832044549466697     
  0.21869918145630554     
  0.22780379062812658     
  0.23697180085566821     
  0.24619727677379782     
  0.25426577019317953     
  0.26236994301987504     
  0.26852571165584072     
  0.27389534698522061     
  0.27857703181206617     
  0.28212662208344824     
  0.28521891751670508     
  0.28756205350446717     
  0.28933708024510585     
  0.29088244616108710     
  0.29222778031014784     
  0.29324663040946747     
  0.29413345382198502     
  0.29480497117530086     
  0.29538940278514636     
  0.29589803079097238     
  0.29628312653770794     
  0.29661824703453715     
  0.29690987305754946     
  0.29716364595128808     
  0.29738447613794111     
  0.29755165447809473     
  0.29771570813209408     
  0.29787979299361805     
  0.29804391231302330     
  0.29820807056729204     
  0.29837227447311876     
  0.29853653583070766     
  0.29870088855181348     
  0.29886532573535113     
  0.29902966660016017     
  0.29919409593988139     
  0.29935894130862395     
  0.29952706602280327     
  0.29969197922668411     
  0.29985685048237831     
  0.30002167678741370     
  0.30018645406378708     
  0.30035117633458308     
  0.30051583358385608     
  0.30068040239625865     
  0.30085136693831543     
  0.30842207822716250     
  0.31593181918522623     
  0.32449292660490137     
  0.33298264788655296     
  0.34265764135730664     
  0.35224797533026364     
  0.36175728254227746     
  0.37259080727309396     
  0.38332311026280075     
  0.39395462215477850     
  0.40312058552940833     
  0.41102921287237243     
  0.41697217380476365     
  0.42211017938064233     
  0.42655375604423174     
  0.43039777069235208     
  0.43329243323902272     
  0.43579931297709545     
  0.43768897988873989     
  0.43932700344492787     
  0.44074712708761199     
  0.44197852280545119     
  0.44304641999312883     
  0.44385239546858396     
  0.44455182167476148     
  0.44515886377568165     
  0.44568579005889003     
  0.44614322831285907     
  0.44654038712571037     
  0.44688524699085569     
  0.44718472540440846     
  0.44744481954454846     
  0.44767072961671167     
  0.44784147182690381     
  0.44798982923057173     
  0.44813520469244583     
  0.44828038350613397     
  0.44842534669358847     
  0.44857006915078890     
  0.44871451541928131     
  0.44885862964506018     
  0.44900230115550349     
  0.44914606828963782     
  0.44929112849116587     
  0.44943593193427439     
  0.44958043391668917     
  0.44972455625134855     
  0.44986807208974666     
  0.45001110840244035     
  0.45015388355182978     
  0.45029735347440303     
  0.45044054613747897     
  0.45058291967971414     
  0.45072602009858082     
  0.45087017777970118     
  0.45101363945958095     
  0.45115710964118261     
  0.45130036297117043     
  0.45144483323660323     
  0.45158888072402509     
  0.45173359324472290     
  0.45187797323962825     
  0.45202122408032674     
  0.45216327534452488     
  0.45230511985114158     
  0.45244736728744234     
  0.45259018780699717     
  0.45273347330506036     
  0.45287591863414961     
  0.45301825121422928     
  0.45316109323249254     
  0.45330489331175983     
  0.45344951984070286     
  0.45359425417187976     
  0.45373865236320410     
  0.45387764291492178     
  0.45517863590940333     
  0.45616949420299330     
  0.45703608773709881     
  0.45779367124143189     
  0.45836948370055797     
  0.45887222944332606     
  0.45925393384510971     
  0.45958689300692018     
  0.45987727218803937     
  0.46013047011440067     
  0.46035121132909890     
  0.46051859345816332     
  0.46066444242267818     
  0.46080775864799489     
  0.46095130779280064     
  0.46109511147345589     
  0.46123920019358811     
  0.46138362189767695     
  0.46152847098704369     
  0.46167200951932041     
  0.46282618819036098     
  0.46370427621882460     
  0.46447154498834514     
  0.46514174479852494     
  0.46565077950080630     
  0.46609495373089138     
  0.46648244515918613     
  0.46677643674367031     
  0.46703273223148650     
  0.46725613105540720     
  0.46745082906071705     
  0.46759842128210888     
  0.46774343106456123     
  0.46788865560314724     
  0.46803411444286325     
  0.46817983497599813     
  0.46832585973580598     
  0.46847227001138408     
  0.46861949558011823     
  0.46876709758047824     
  0.46891403426661737     
  0.46906170374947342     
  0.46921056810534895     
  0.46935908856184527     
  0.46950661674132699     
  0.46965319270962069     
  0.46980028898860476     
  0.46994673401599607     
  0.47009342032418772     
  0.47024062926126853     
  0.47038668680991452     
  0.47053507688275531     
  0.47068086433338202     
  0.47082686144951169     
  0.47097308790492742     
  0.47111957157195206     
  0.47126635656734295     
  0.47141353130149011     
  0.47156097471531860     
  0.47170811046505151     
  0.47185574016454157     
  0.47200353743929591     
  0.47215138581015370     
  0.47229955301192439     
  0.47244565927911020     
  0.47259189453460443     
  0.47273833249424152     
  0.47288499159480846     
  0.47303189766997206     
  0.47317909081637477     
  0.47332664758607923     
  0.47347496173064119     
  0.47362349115726604     
  0.47377387581453395     
  0.47392769937816587     
  0.47407847049044688     
  0.47422907760524780     
  0.47437950121289590     
  0.47452971344747646     
  0.47467966952461010     
  0.47482927589977963     
  0.47497833526002153     
  0.47512728174573854     
  0.47527585583245635     
  0.47542466016435420     
  0.47557327683189698     
  0.47572214445254846     
  0.47587106438244126     
  0.47601994616593518     
  0.47616886040534384     
  0.47631834326823197     
  0.47646713581444083     
  0.47661643813632104     
  0.47676930238717774     
  0.47740057566242272     
  0.47794894877997657     
  0.47842534177855772     
  0.47878545624642577     
  0.47909839907914109     
  0.47937036644192049     
  0.47960673753429300     
  0.47981218284866700     
  0.47999075798731894     
  0.48014598498178485     
  0.48029815226677630     
  0.48045017612529550     
  0.48060203892193598     
  0.48075371509535580     
  0.48090516242316339     
  0.48105628520388954     
  0.48120617353941503     
  0.48135588419563108     
  0.48150601992710323     
  0.48165651839168883     
  0.48180718563877956     
  0.48195780342107025     
  0.48210650013409645     
  0.48250683281680790     
  0.48281039416338828     
  0.48307490556737670     
  0.48327538747184723     
  0.48345001139482252     
  0.48360209955238892     
  0.48375147906674443     
  0.48390103064534862     
  0.48405077218434955     
  0.48420073007284520     
  0.48435094936560474     
  0.48450154527695166     
  0.48465258504137576     
  0.48480424190331456     
  0.48495560620070721     
  0.48510655455998636     
  0.48525784853145065     
  0.48540904318599581     
  0.48556062210287015     
  0.48571173907475546     
  0.48586309754893292     
  0.48601382362550155     
  0.48616451540759614     
  0.48631578758238642     
  0.48646659791567037     
  0.48661721885592885     
  0.48676818148651718     
  0.48691730174098491     
  0.48761776584266459     
  0.48814922559178137     
  0.48861255466557885     
  0.48896388270593394     
  0.48927001379800167     
  0.48953673321087543     
  0.48973886844869058     
  0.48991491770121276     
  0.49006823565546415     
  0.49021881222635488     
  0.49036955119671616     
  0.49052047042678332     
  0.49067159688442097     
  0.49082297893075627     
  0.49097479423747359     
  0.49112672043128675     
  0.49127891358921022     
  0.49143035828522202     
  0.49158201448116051     
  0.49173414267917576     
  0.49188655007096688     
  0.49203885242390344     
  0.49219118396451700     
  0.49234354613547554     
  0.49249473333487237     
  0.49264604347973351     
  0.49279755927074820     
  0.49294933195541935     
  0.49310149653990315     
  0.49325366120734387     
  0.49340597494063493     
  0.49356821473746487     
  0.50189976367553768     
  0.50818893040815449     
  0.51364872841556408     
  0.51777393566030938     
  0.52135765495251341     
  0.52406686178338069     
  0.52642146683324176     
  0.52820211590519361     
  0.52975013954774364     
  0.53109600946530233     
  0.53226618435726070     
  0.53315140679461992     
  0.53392118815168943     
  0.53459060406370951     
  0.53509708968752512     
  0.53553758503169779     
  0.53592069627168581     
  0.53621059357459910     
  0.53646274433123597     
  0.53668206691472986     
  0.53687283812032349     
  0.53703877700354719     
  0.53720155432138750     
  0.53736429789039442     
  0.53752700402139952     
  0.53768966739772051     
  0.53785227935400681     
  0.53801482115572730     
  0.53817722986807182     
  0.53834050679352941     
  0.54380612911649351     
  0.54793699360903869     
  0.55152661043818751     
  0.55424095541019092     
  0.55660056091753496     
  0.55865196690143315     
  0.56020375186708793     
  0.56155313361166059     
  0.56272656664637677     
  0.56361439559787641     
  0.56438655463623555     
  0.56505813201946054     
  0.56564224336368774     
  0.56608425160667231     
  0.56646872014200977     
  0.56680314453828706     
  0.56709404276816455     
  0.56734708297385050     
  0.56753858182297778     
  0.56770516539469129     
  0.56786858676828200     
  0.56803198703609226     
  0.56819536416113336     
  0.56835871525267789     
  0.56852203573774962     
  0.56868531652893328     
  0.56884862268384961     
  0.56904010966154261     
  0.56920354003214235     
  0.56936694985075953     
  0.56953033720301849     
  0.56969369940172143     
  0.56985703227732964     
  0.57002032792447399     
  0.57018355406216659     
  0.57034675362087695     
  0.57050993119226634     
  0.57067310173340979     
  0.57083634320226406     
  0.57099963845036705     
  0.57116302715173273     
  0.57132639023733511     
  0.57148972297553802     
  0.57165301543207314     
  0.57181624674485232     
  0.57197946523956456     
  0.57214265523919006     
  0.57230591146724552     
  0.57246911389691557     
  0.57263220655437108     
  0.57279527566734323     
  0.57295837151435114     
  0.57312150133806294     
  0.57328468848136016     
  0.57344826643858882     
  0.57403250780533199     
  0.57454068201073460     
  0.57498270085467751     
  0.57536718269279130     
  0.57565814791695591     
  0.57591125103485274     
  0.57613142124151029     
  0.57632294549155572     
  0.57648640958439668     
  0.57664985509728539     
  0.57681328040006041     
  0.57697668323047591     
  0.57714006014790942     
  0.57730340492009602     
  0.57746669141809970     
  0.57762993085680570     
  0.57779321848849785     
  0.57795654451844392     
  0.57811984526103022     
  0.57828312888466316     
  0.57844659438446988     
  0.57866678362346624     
  0.57885832538963755     
  0.57902494823722928     
  0.57918840994094412     
  0.57935185232596487     
  0.57951527328625663     
  0.57967866964045089     
  0.57984203571093673     
  0.58000535305454570     
  0.58016864514409461     
  0.58033191908605108     
  0.58049520475575411     
  0.58065845658458659     
  0.58082177352500619     
  0.58098507508564456     
  0.58114833563345447     
  0.58131161000160203     
  0.58147495640526514     
  0.58163828929434225     
  0.58180154014126273     
  0.58196477986778494     
  0.58212799479002653     
  0.58229129656243961     
  0.58245468370924036     
  0.58261802957545106     
  0.58278129656457534     
  0.58294469865009835     
  0.58310813956367435     
  0.58327155798533903     
  0.58343494937561813     
  0.58359830264199120     
  0.58376164253752505     
  0.58392498523928582     
  0.58408836404337328     
  0.58425169516965758     
  0.58441497358278027     
  0.58457823744761717     
  0.58474154575924697     
  0.58490486505821748     
  0.58506818008103290     
  0.58523146343896948     
  0.58539470515463876     
  0.58555795126346621     
  0.58572138563356313     
  0.58588486809826323     
  0.58604833329803852     
  0.58621177953208947     
  0.58637520430704382     
  0.58653860343791342     
  0.58670196706328070     
  0.58686547644951781     
  0.58715646749389505     
  0.58740959765438305     
  0.58762979519220171     
  0.58782134638408212     
  0.58798797925993995     
  0.58815145262127078     
  0.58831490866891301     
  0.58847834557574763     
  0.58864176057979001     
  0.58880514874866607     
  0.58896849406259411     
  0.58913181868634590     
  0.58929514038334274     
  0.58945848359865416     
  0.58962185071341056     
  0.58978523300109975     
  0.58994883911282237     
  0.59053305278961099     
  0.59097516364193103     
  0.59135974090471310     
  0.59169427608467384     
  0.59198528418324670     
  0.59223843122473596     
  0.59245864507038093     
  0.59262530912344791     
  0.59278881513537651     
  0.59295230623582185     
  0.59311578114600194     
  0.59327923805442739     
  0.59344267411005569     
  0.59360608373870449     
  0.59376940857923410     
  0.59393263391593631     
  0.59409587396074037     
  0.59425913133996089     
  0.59442241097923298     
  0.59458572849018210     
  0.59474913064139412     
  0.59491253519108478     
  0.59507593738254860     
  0.59523939554458971     
  0.59540283471160127     
  0.59556625103911454     
  0.59572963435973114     
  0.59589296642572342     
  0.59605631511026702     
  0.59621963715009618     
  0.59638288507258985     
  0.59654611330570928     
  0.59670935630448363     
  0.59687261705359584     
  0.59703590177773225     
  0.59719922083071930     
  0.59736226487278421     
  0.59913458615741766     
  0.60067687193668973     
  0.60184446328052810     
  0.60286044134503225     
  0.60362954927495904     
  0.60429875898515306     
  0.60480534099034555     
  0.60524611071335788     
  0.60562961603589405     
  0.60591991525704259     
  0.60617249397239370     
  0.60636368318138456     
  0.60653002722535065     
  0.60669324263123059     
  0.60685646817533845     
  0.60701970514288428     
  0.60718295545653456     
  0.60734622246502890     
  0.60750951525917785     
  0.60767286712228008     
  0.60783620545459749     
  0.60799952965325788     
  0.60816285584482888     
  0.60832619365295582     
  0.60848954236758113     
  0.60865286786860595     
  0.60881622475654129     
  0.60897955169235285     
  0.60914287035034886     
  0.60930617480169513     
  0.60946945566875743     
  0.60963274985236038     
  0.60979606527097185     
  0.60995938740628652     
  0.61012270105163469     
  0.61028601242981095     
  0.61044935775078146     
  0.61061265574497203     
  0.61077596916125165     
  0.61093925688406070     
  0.61110255454890849     
  0.61126585853237847     
  0.61142923874043831     
  0.61159263147052145     
  0.61175600559550336     
  0.61191935478766601     
  0.61208261289899224     
  0.61224585304966128     
  0.61240911171440116     
  0.61257238343630471     
  0.61273563881197624     
  0.61290546122367906     
  0.61690084547480128     
  0.62149919300729028     
  0.62610018974752224     
  0.63138810100489995     
  0.63746115125422220     
  0.64352517773828988     
  0.65048058616136095     
  0.65845219552298839     
  0.66639621855377573     
  0.67549076119511187     
  0.68589403674551475     
  0.69624260254166026     
  0.70806984540500573     
  0.72157614914870871     
  0.73698709019320574     
  0.75455652770638071     
  0.77197895901918601     
  0.79183322179458326     
  0.81444185358034926     
  0.84016858679498641     
  0.86563895226388476     
  0.89462549332936714     
  0.92759576336244354     
  0.96023110631082909     
  0.99737388876651623     
   1.0341669097527653     
   1.0706531270765849     
   1.1068724672112449     
   1.1428628897403925     
   1.1839963217287321     
   1.2196197132100859     
   1.2551314528634019     
   1.2905713430400667     
   1.3259821143449955     
   1.3614104996591578     
   1.3922877019838520     
   1.4192228853481068     
   1.4462536024853092     
   1.4698709243059500     
   1.4936035277160202     
   1.5143615077267005     
   1.5352377860471227     
   1.5535078573239391     
   1.5718882135801633     
   1.5903881139414546     
   1.6090162970475159     
   1.6277807831101170     
   1.6466886926279451     
   1.6657460961423700     
   1.6849579063000535     
   1.7042778803821059     
   1.7234967155310983     
   1.7454823814427116     
   1.7706091379666680     
   1.8085691094064658     
   1.8331895918666867     
   1.8575922095025474     
   1.8817668674442789     
   1.9057038346416362     
   1.9293939727091516     
   1.9528288834349321     
   1.9760009935733407     
   1.9989035928922592     
   2.0215308384778243     
   2.0472266843473181     
   2.0725448888756981     
   2.0974804991129394     
   2.1257078079723519     
   2.1534193423259760     
   2.1806130129191912     
   2.2112835885896898     
   2.2412682627978109     
   2.2705704613207187     
   2.3034812746939237     
   2.3355038097672498     
   2.3713132140034126     
   2.4059812979330091     
   2.4395317421728837     
   2.4768474949371591     
   2.5127529698350832     
   2.5524582289183875     
   2.5960890642180345     
   2.6374877551758278     
   2.6826297179491405     
   2.7250837026309913     
   2.7709676556433944     
   2.8200696886244683     
   2.8720127939265283     
   2.9262276247446803     
   2.9819328435923103     
   3.0381293825239148     
   3.0936161759755563     
   3.1550232949489700     
   3.2187118945922171     
   3.2789097939592242     
   3.3444285851769329     
   3.3784388287370617     
   0.0000000000000000     
